3.026909222992402325e-05 2.031056088627902073e-02 4.864243121348790777e-02 5.194176226654962508e-02 2.421527378393921860e-04 7.718618518630626299e-03 2.418500469170929701e-02 1.119956412507188857e-03 4.994400217937464137e-02 5.145745679087084055e-04 1.443835699367375901e-02 8.021309440929866308e-02 3.011774676877440604e-02 2.265944244332112611e-01 3.026909222992402258e-04 1.734418984774646622e-02 1.210763689196960930e-04 9.141265853437055555e-02 9.907073886854132760e-02 1.460181009171535038e-01 1.392378242576505082e-02 2.149105548324605625e-02 1.322759330447679897e-02 1.664800072645821350e-03 3.723098344280655059e-02 2.179374640554529972e-03
7.144743792921288972e-02 2.509244585314315823e-02 6.603275224511357885e-04 5.282620179609086308e-04 3.041468568409931295e-01 1.320655044902271577e-04 1.320655044902271577e-04 1.320655044902271577e-04 3.552562070787110282e-02 2.773375594294770312e-03 1.320655044902271577e-04 1.115953512942419457e-01 3.301637612255678943e-03 1.056524035921817262e-03 1.529318541996830538e-01 7.923930269413629462e-04 1.320655044902271577e-04 5.665610142630744805e-02 2.812995245641838199e-02 4.622292657157950520e-03 1.318013734812467086e-01 1.188589540412044419e-03 3.961965134706814731e-04 1.320655044902271577e-04 6.642894875858425252e-02 1.320655044902271577e-04
1.263099834528405851e-01 2.363879914900323136e-04 2.726341501851705859e-02 8.667559687967851768e-04 1.341895831691750085e-01 1.575919943266882090e-04 4.727759829800646271e-04 1.397840989677724410e-01 4.680482231502639673e-02 7.879599716334410452e-05 1.190607517138129318e-01 3.214876684264439399e-02 1.969899929083602369e-03 1.812307934756914431e-03 2.012449767551808266e-01 9.691907651091324558e-03 5.515719801434087587e-04 3.829485462138523116e-02 5.515719801434087154e-03 7.241352139311323100e-02 3.585217870932156520e-02 4.727759829800646271e-04 7.879599716334410452e-05 3.151839886533764181e-04 4.097391852493892893e-03 3.151839886533764181e-04
9.047983665135272968e-02 1.020929045431342563e-03 5.232261357835630254e-03 3.152118427769270287e-02 2.635273098519652635e-01 2.169474221541603000e-03 1.378254211332312351e-02 8.933129147524246881e-04 1.644971924451250622e-01 6.380806533945890474e-04 6.380806533945890474e-04 2.475752935171005725e-02 4.721796835119958756e-03 2.692700357325165939e-02 1.606687085247575364e-01 3.956100051046452376e-03 2.552322613578356407e-04 6.699846860643185464e-02 5.551301684532924940e-02 1.020929045431342563e-03 3.356304236855538886e-02 9.826442062276671136e-03 8.933129147524246881e-04 3.828483920367534610e-04 3.598774885145482327e-02 1.276161306789178203e-04
7.014782755325726926e-02 3.175763026249227034e-03 3.889607104715867708e-02 1.336630880782418151e-01 4.209993817098532654e-02 1.259063571468720111e-02 8.993311224776572715e-03 1.939182732842448416e-03 1.402394469113596789e-02 2.248327806194143016e-04 2.023495025574728687e-03 5.373503456804001877e-02 3.153279748187285542e-02 1.126693271879039976e-01 3.372491709291214768e-03 1.742454049800460855e-02 2.697993367432971728e-03 2.127199145635433608e-01 1.053060536226181759e-01 5.173964364004271510e-02 6.463942442808161748e-04 2.565904108819065665e-02 1.495137991119105218e-02 1.149457590916755714e-02 2.787926479680737438e-02 3.934573660839750346e-04
7.858068697342839026e-02 9.721322099805573651e-04 1.474400518470512025e-02 1.620220349967595608e-04 1.420933246921581294e-01 8.943616331821127585e-02 1.620220349967595608e-04 1.620220349967595608e-04 1.369086195722618304e-01 1.620220349967595608e-04 3.240440699935191217e-04 3.920933246921581156e-02 6.480881399870382434e-04 6.480881399870382434e-04 2.728451069345431135e-01 1.620220349967595608e-04 1.620220349967595608e-04 8.878807517822423501e-02 2.268308489954633852e-03 6.254050550874919179e-02 6.383668178872325960e-02 1.620220349967595608e-04 1.620220349967595608e-04 1.620220349967595608e-04 4.536616979909267704e-03 1.620220349967595608e-04
1.080859439068394268e-01 4.920452681646711153e-04 1.640150893882237051e-04 4.920452681646711153e-04 2.022306052156798428e-01 1.476135804494013454e-03 2.181400688863375376e-02 1.958340167295391232e-01 8.102345415778251791e-02 1.640150893882237051e-04 1.640150893882237051e-04 4.018369690011481393e-02 3.116286698376250722e-03 2.509430867639822829e-02 1.289158602591438385e-01 1.640150893882237268e-03 1.640150893882237051e-04 1.161226832868623854e-01 3.493521403969165190e-02 5.740528128587830438e-03 2.706248974905691232e-02 3.280301787764474102e-04 4.920452681646711153e-04 1.640150893882237051e-04 3.936362145317368923e-03 1.640150893882237051e-04
1.740981119352663642e-01 6.743088334457181298e-04 4.214430209035738311e-05 3.792987188132164412e-04 5.062795010114632399e-01 1.264329062710721561e-04 4.214430209035738311e-05 1.264329062710721561e-04 1.467043155765340445e-01 4.214430209035738311e-05 4.214430209035738311e-05 1.180040458530006754e-03 2.360080917060013508e-03 2.022926500337154498e-03 8.142279163857046864e-02 1.264329062710721561e-04 2.107215104517869088e-04 1.685772083614295314e-02 1.517194875252865765e-03 3.384187457855698106e-02 2.473870532703978387e-02 8.428860418071476622e-05 3.792987188132164412e-04 4.214430209035738311e-05 6.490222521915036714e-03 1.685772083614295324e-04
1.208480318535852700e-02 8.068177849184451217e-03 4.942195522335929292e-02 5.169222171771855473e-02 3.052635255492298569e-02 2.563654779784150031e-02 3.590513778771262099e-02 3.492717683629632450e-05 1.257378366106667519e-03 6.985435367259264900e-05 7.718906080821486861e-03 5.577870140756522460e-02 4.875833886346966906e-02 2.758897698299046519e-01 4.641821801543781489e-02 1.037337152038000747e-02 5.239076525444447997e-04 3.841989451992595256e-02 1.220006286891830577e-01 1.481610841395689937e-01 4.540532988718521778e-04 2.022283538821556884e-02 3.492717683629632450e-05 6.286891830533337597e-03 3.492717683629632450e-05 4.226188397191854573e-03
7.416267942583731898e-02 1.196172248803827705e-03 1.196172248803827705e-03 7.177033492822966661e-03 7.655502392344497309e-02 1.196172248803827705e-03 2.392344497607655409e-03 1.196172248803827705e-03 4.066985645933014065e-02 2.392344497607655409e-03 1.196172248803827705e-03 1.196172248803827705e-03 1.196172248803827705e-03 1.196172248803827705e-03 3.289473684210526550e-01 1.196172248803827705e-03 1.196172248803827705e-03 1.196172248803827705e-03 2.392344497607655409e-03 1.196172248803827705e-03 4.449760765550239139e-01 1.196172248803827705e-03 1.196172248803827705e-03 1.196172248803827705e-03 1.196172248803827705e-03 1.196172248803827705e-03
1.600853788687299842e-02 2.134471718249733325e-03 3.201707577374599770e-03 7.114905727499110360e-04 4.386339381003201976e-01 1.031661330487371013e-02 1.422981145499822072e-03 3.557452863749555180e-04 1.590181430096051229e-01 7.114905727499110360e-04 1.067235859124866662e-03 3.201707577374599684e-02 3.557452863749555180e-04 1.380291711134827570e-01 3.415154749199573320e-02 1.067235859124866662e-03 3.557452863749555180e-04 1.422981145499822072e-03 8.146567057986481286e-02 3.557452863749555397e-03 5.691924581999288288e-03 3.557452863749555180e-04 3.201707577374599770e-03 3.557452863749555180e-04 6.403415154749199367e-02 3.557452863749555180e-04
1.016773525030762321e-01 1.230490253221941561e-03 3.367657535133734663e-03 7.493038015672559560e-02 2.018004015283984265e-01 1.845735379832912429e-02 9.714396735962696310e-04 1.942879347192539479e-04 1.196813677870604276e-01 6.476264490641798263e-05 9.196295576711352449e-03 1.845735379832912360e-01 4.857198367981348588e-03 1.683828767566867331e-03 1.018716404377954798e-01 4.468622498542840910e-03 6.476264490641798263e-05 7.123890939705978089e-04 3.004986723657794220e-02 2.182501133346285982e-02 1.638494916132374885e-02 5.763875396671200128e-03 5.504824817045527764e-03 6.476264490641798263e-05 9.034388964445308479e-02 2.590505796256719305e-04
1.683906128350572684e-01 4.393282171059948588e-02 8.675342008675342512e-03 2.224446668891113437e-04 3.027471916360805482e-01 5.005005005005004962e-03 2.224446668891113437e-04 3.336670003336670155e-04 1.097764431097764393e-01 1.112223334445556718e-04 2.224446668891113437e-04 1.112223334445556610e-03 2.825047269491713989e-02 5.227449671894116197e-03 1.143365587810032252e-01 9.009009009009008584e-02 1.112223334445556718e-04 9.676343009676343504e-03 4.393282171059948588e-02 6.673340006673340310e-04 4.104104104104103895e-02 6.673340006673340310e-04 2.224446668891113437e-04 1.112223334445556718e-04 2.458013569124680234e-02 3.336670003336670155e-04
2.658944876564085097e-02 3.804531619885018743e-04 4.231484612783226185e-02 2.431095705106526839e-01 1.288468041934393016e-01 7.482245519107203618e-03 1.676530267162664734e-01 9.722691917483936366e-04 4.261075414271221079e-02 3.846804193439296374e-03 1.297768008116334179e-02 9.891782211701049057e-03 1.014541765302671593e-03 1.517585390598579637e-02 9.223875549543456009e-02 1.268177206628339545e-03 1.183632059519783633e-03 4.649983090970578404e-04 4.121575921542103282e-02 1.181518430842069672e-01 1.373858640514034543e-02 4.311802502536354539e-03 1.183632059519783633e-03 4.649983090970578404e-04 2.270037199864727642e-02 2.113628677713899151e-04
8.595705440653404750e-03 9.254380187063628027e-03 1.587406138848636641e-02 2.084705572388354661e-02 9.484916348307205480e-03 8.654986167830325261e-02 1.162560927414042940e-02 1.844289289948623312e-03 1.119747068897378531e-02 1.646686866025556567e-04 1.729021209326834368e-02 3.708338822289553721e-02 9.073244631800816973e-02 1.648004215518376891e-01 4.699644315636938158e-02 1.999077855355025843e-02 3.293373732051113134e-04 1.244565933342115654e-01 2.512844157554999444e-02 5.401132920563825324e-02 1.542945593465946397e-01 1.692794098274272296e-02 5.868791990515083434e-02 1.053879594256356116e-03 1.218548280858911849e-02 5.928072717692003425e-04
1.062087186261558847e-01 9.247027741083223762e-04 2.774108322324967020e-03 2.245706737120211315e-03 1.833553500660501934e-01 1.056803170409511194e-03 1.321003963011888993e-04 3.936591809775429052e-02 6.803170409511229144e-02 1.321003963011888993e-04 3.963011889035667249e-04 9.775429326287979337e-02 3.302509907529722726e-03 2.642007926023778094e-03 1.215323645970937949e-01 7.001321003963012490e-02 1.321003963011888993e-04 1.471598414795244336e-01 1.836195508586525860e-02 3.791281373844121450e-02 6.763540290620871642e-02 1.321003963011888993e-04 2.206076618229854680e-02 1.321003963011888993e-04 6.472919418758256091e-03 1.321003963011888993e-04
2.793296089385474950e-03 2.793296089385474950e-03 2.793296089385474950e-03 2.793296089385474950e-03 2.793296089385474950e-03 2.793296089385474950e-03 2.793296089385474950e-03 2.793296089385474950e-03 2.793296089385474950e-03 2.793296089385474950e-03 2.793296089385474950e-03 2.793296089385474950e-03 2.793296089385474950e-03 2.793296089385474950e-03 2.793296089385474950e-03 2.793296089385474950e-03 2.793296089385474950e-03 2.793296089385474950e-03 2.793296089385474950e-03 2.793296089385474950e-03 9.301675977653631744e-01 2.793296089385474950e-03 2.793296089385474950e-03 2.793296089385474950e-03 2.793296089385474950e-03 2.793296089385474950e-03
9.526302015179272109e-02 3.663962313530489540e-03 1.523161476053389203e-02 3.580214603506935017e-02 3.084009421617377456e-01 7.170897670766815217e-03 9.735671290238157721e-03 1.308557969118031824e-03 9.332635435749803143e-02 1.046846375294425567e-04 2.125098141847683864e-02 1.303323737241559796e-02 2.067521591206490303e-02 3.072494111489139021e-02 1.172467940329756653e-01 8.479455639884846824e-03 5.234231876472127836e-05 2.229782779377126323e-02 6.302015179272442424e-02 5.349384977754514242e-02 2.151269301230044478e-02 1.250981418476838566e-02 2.617115938236063647e-03 5.234231876472127836e-05 4.297304370583616973e-02 5.234231876472127836e-05
7.387429643527204659e-02 1.348499061913696140e-03 3.177767354596622990e-02 3.048780487804878155e-03 1.915454971857410982e-01 4.983583489681050679e-03 1.113977485928705413e-03 8.090994371482176928e-02 7.821294559099437049e-02 1.758911819887429642e-04 9.263602251407128743e-03 1.735459662288930602e-02 1.190196998123827475e-02 5.804409005628517575e-03 8.835600375234521631e-02 3.904784240150093594e-02 1.055347091932457839e-03 1.758911819887429588e-03 7.487101313320825013e-02 2.067307692307692180e-01 4.837007504690431225e-02 9.967166979362100492e-04 1.155018761726078758e-02 5.863039399624765473e-05 1.583020637898686564e-02 5.863039399624765473e-05
5.112187659357470687e-02 3.187149413564507958e-04 9.880163182049974888e-03 5.099439061703212950e-04 1.254780724120346802e-01 8.924018357980621850e-04 4.143294237633860454e-04 4.093255991840897279e-01 8.978199898011218760e-02 6.374298827129016188e-05 3.187149413564508094e-05 1.705124936257011725e-02 1.784803671596124370e-03 2.485976542580316164e-03 1.590387557368689309e-01 5.736868944416113891e-04 3.187149413564508094e-05 3.391126976032636520e-02 2.575216726160122274e-02 2.310683324834268346e-02 1.752932177460479399e-02 1.912289648138704721e-04 1.389597144314125461e-02 1.083630800611932793e-03 1.548954614992350924e-02 2.549719530851606475e-04
1.530167287719020122e-02 2.172361848886069854e-02 6.231665741695076310e-02 2.188218504717355170e-02 3.004836280028541987e-02 8.800443986363275586e-03 4.574645207325774704e-02 1.585665583128518282e-04 2.037580274320145712e-02 7.928327915642591412e-05 7.928327915642590599e-04 1.010068976452866141e-01 3.543962578292238208e-02 1.362086735907397095e-01 2.140648537223499397e-03 5.851106001744232205e-02 1.585665583128518282e-04 1.140886387060968815e-01 1.449298342979465637e-01 1.686355347657179093e-01 6.659795449139776190e-03 7.928327915642590599e-04 4.756996749385554576e-04 3.964163957821295299e-04 1.109965908189962771e-03 2.219931816379925541e-03
6.713078070611636083e-02 2.486325211337642757e-04 2.486325211337642757e-04 2.486325211337642757e-04 7.071108901044256267e-01 2.486325211337642757e-04 2.486325211337642757e-04 2.486325211337642757e-04 1.698160119343610219e-01 2.486325211337642757e-04 2.486325211337642757e-04 2.486325211337642757e-04 2.734957732471407412e-03 2.486325211337642757e-04 3.878667329686723286e-02 1.491795126802585763e-03 2.486325211337642757e-04 1.243162605668821433e-03 1.243162605668821433e-03 7.458975634012928813e-04 1.491795126802585763e-03 4.972650422675285514e-04 2.486325211337642757e-04 2.486325211337642757e-04 4.226752859273993392e-03 2.486325211337642757e-04
2.671116762025853020e-01 6.357279084551811918e-04 1.059546514091968698e-04 2.754820936639118534e-03 1.596736596736596792e-01 5.403687221869040401e-03 2.119093028183937396e-04 1.618987073532528187e-01 1.699512608603517827e-01 1.059546514091968698e-04 6.357279084551811918e-04 5.403687221869040401e-03 1.059546514091968698e-04 6.208942572578936281e-02 1.279932189023098021e-01 1.059546514091968698e-04 1.059546514091968698e-04 9.324009324009324001e-03 1.790633608815427047e-02 5.297732570459843084e-04 1.271455816910362384e-03 1.059546514091968698e-04 2.119093028183937396e-04 2.119093028183937396e-04 6.039415130324221267e-03 1.059546514091968698e-04
9.161490683229814302e-02 2.329192546583850817e-02 1.102484472049689440e-01 1.552795031055900516e-03 1.242236024844720482e-01 1.552795031055900516e-03 1.552795031055900516e-03 1.863354037267080793e-02 9.472049689440993625e-02 3.105590062111801032e-03 1.552795031055900516e-03 3.105590062111801032e-03 1.552795031055900516e-03 1.552795031055900516e-03 1.552795031055900516e-03 1.878881987577639689e-01 1.552795031055900516e-03 6.211180124223602064e-03 1.552795031055900516e-03 1.708074534161490576e-01 1.242236024844720413e-02 1.242236024844720413e-02 1.552795031055900516e-03 1.226708074534161447e-01 1.552795031055900516e-03 1.552795031055900516e-03
1.202469938251543753e-02 4.257393565160871168e-02 4.549886252843678668e-03 6.499837504062398871e-04 1.433214169645758984e-01 6.499837504062398871e-04 6.499837504062398871e-04 3.574910627234319325e-03 4.809879753006175013e-02 3.249918752031199435e-04 6.499837504062398871e-04 1.234969125771855775e-02 1.559961000974975642e-02 5.849853753656158659e-03 4.276893077673057930e-01 1.527461813454663621e-02 3.249918752031199435e-04 5.849853753656158659e-03 1.953201169970750772e-01 3.802404939876503215e-02 9.749756256093597764e-04 9.749756256093597764e-04 1.917452063698407705e-02 1.624959376015599555e-03 1.624959376015599555e-03 2.274943126421839334e-03
8.496732026143791194e-02 3.267973856209150426e-03 3.267973856209150426e-03 1.307189542483660170e-02 5.098039215686274161e-01 3.267973856209150426e-03 3.267973856209150426e-03 3.267973856209150426e-03 1.307189542483660205e-01 3.267973856209150426e-03 3.267973856209150426e-03 1.633986928104575256e-02 6.535947712418300852e-03 3.267973856209150426e-03 2.287581699346405081e-02 3.267973856209150426e-03 3.267973856209150426e-03 3.267973856209150426e-03 3.267973856209150426e-03 3.267973856209150426e-03 1.307189542483660170e-02 6.535947712418300852e-03 3.267973856209150426e-03 3.267973856209150426e-03 4.248366013071895597e-02 1.045751633986928136e-01
